27
27
27
5
5
5
47
47
47
31
31
35
35
35
20
20
20
21
21
21
13
13
13
54
54
54
29
29
29
49
49
38
38
25
25
25
10
10
10
51
51
51
24
24
24
28
28
28
3
3
11
11
11
56
56
56
6
6
6
33
33
7
7
7
0
0
0
19
19
19
2
2
2
17
17
17
14
14
14
23
23
23
41
41
41
18
18
18
37
37
37
52
52
52
45
45
45
16
16
16
26
26
39
39
39
12
12
12
44
44
44
42
42
8
8
8
22
22
22
30
30
30
34
34
34
9
9
9
15
15
15
32
32
32
1
1
1
36
36
36
4
4
4
40
40
40
58
58
58
53
53
53
43
43
55
55
55
61
61
61
59
59
59
60
60
60
57
57
57
48
48
48
46
46
46
50
50
50
